   2.3090241724986661E-004   0.0000000000000000        0.0000000000000000       -22.577293266590679     
   1.8251076465989223E-003   0.0000000000000000        0.0000000000000000       -10.757996220533675     
   3.2406444406642029E-013   0.0000000000000000        0.0000000000000000       -6.0652579076227173     
   2.4385697000580015E-007   0.0000000000000000        0.0000000000000000       -6.0652410365649922     
   1.0165744872610477E-063   0.0000000000000000        0.0000000000000000       0.31545803061283789     
   7.8992665919338611E-077   0.0000000000000000        0.0000000000000000        1.1025957325598819     
   1.4740385147541203E-081   0.0000000000000000        0.0000000000000000        1.2979157774474099     
   2.4421459543691649E-089   0.0000000000000000        0.0000000000000000        1.8422321551378829     
   1.2201917655922842E-094   0.0000000000000000        0.0000000000000000        2.1205009322459416     
   4.8382549364661390E-111   0.0000000000000000        0.0000000000000000        3.1537571617796512     
   4.6782033253268988E-118   0.0000000000000000        0.0000000000000000        3.5349693235380526     
   7.8903747884125721E-142   0.0000000000000000        0.0000000000000000        5.0054248641215482     
   1.2050206489033488E-143   0.0000000000000000        0.0000000000000000        5.1640655968297571     
   1.3877811494763651E-147   0.0000000000000000        0.0000000000000000        5.1640808352044765     
   2.3620450157915488E-158   0.0000000000000000        0.0000000000000000        5.4820050334974875     
   3.7841842082918197E-181   0.0000000000000000        0.0000000000000000        7.3617279442685435     
   2.8031385493057447E-199   0.0000000000000000        0.0000000000000000        7.9663352236535347     
   1.0866695034336236E-198   0.0000000000000000        0.0000000000000000        8.3280003602395318     
   1.7171996242123432E-224   0.0000000000000000        0.0000000000000000        9.4474344968652932     
   5.8436445134601816E-229   0.0000000000000000        0.0000000000000000        10.220499559758183     
   5.5197086766958279E-243   0.0000000000000000        0.0000000000000000        10.974741964505547     
   4.8749504401355597E-285   0.0000000000000000        0.0000000000000000        13.569391456904212     
   6.6427615799056847E-302   0.0000000000000000        0.0000000000000000        14.490852982985784     
   0.0000000000000000        0.0000000000000000        0.0000000000000000        17.379871955953625     
   0.0000000000000000        0.0000000000000000        0.0000000000000000        18.503315145699982     
   0.0000000000000000        0.0000000000000000        0.0000000000000000        18.905178298456509     
   0.0000000000000000        0.0000000000000000        0.0000000000000000        21.578579167181772     
   0.0000000000000000        0.0000000000000000        0.0000000000000000        23.003222438965665     
   0.0000000000000000        0.0000000000000000        0.0000000000000000        25.025328641415260     
   0.0000000000000000        0.0000000000000000        0.0000000000000000        25.025330001984432     
   0.0000000000000000        0.0000000000000000        0.0000000000000000        25.866020250747464     
   0.0000000000000000        0.0000000000000000        0.0000000000000000        27.984618290950213     
   0.0000000000000000        0.0000000000000000        0.0000000000000000        28.311814768146665     
   9.1267785747044337E-004  0.25458586520563081        0.0000000000000000       -22.399938177042994     
   1.8247085203988845E-003  0.25458586520563081        0.0000000000000000       -10.546021448418411     
   1.5716179304331920E-007  0.25458586520563081        0.0000000000000000       -6.7509869469448152     
   1.0980120966283513E-007  0.25458586520563081        0.0000000000000000       -6.4527529057010478     
   3.9416540156431312E-067  0.25458586520563081        0.0000000000000000       0.55495902186339896     
   6.6923336988433211E-081  0.25458586520563081        0.0000000000000000        1.3464007483274119     
   4.1521007995649528E-085  0.25458586520563081        0.0000000000000000        1.5445031571705576     
   1.9560288473677336E-093  0.25458586520563081        0.0000000000000000        2.0871316127469282     
   3.6300425967825319E-098  0.25458586520563081        0.0000000000000000        2.3655024325428458     
   4.0556908299912643E-115  0.25458586520563081        0.0000000000000000        3.3974389099802473     
   1.4360206831140568E-121  0.25458586520563081        0.0000000000000000        3.7774877850970587     
   1.6514739572769913E-145  0.25458586520563081        0.0000000000000000        5.2470834459641971     
   9.5689311673376646E-155  0.25458586520563081        0.0000000000000000        5.2674288531264102     
   5.6396915357573218E-162  0.25458586520563081        0.0000000000000000        5.7347095322154802     
   1.0786100369700264E-155  0.25458586520563081        0.0000000000000000        5.8612615131288459     
   3.8594551021959516E-185  0.25458586520563081        0.0000000000000000        7.6003282387276041     
   7.3685437970832392E-196  0.25458586520563081        0.0000000000000000        7.7219865244450938     
   5.7065930922055326E-196  0.25458586520563081        0.0000000000000000        8.2109764452338396     
   2.2965215395703055E-223  0.25458586520563081        0.0000000000000000        9.7786005706763710     
   7.2782268156385060E-233  0.25458586520563081        0.0000000000000000        10.454051870477326     
   2.4584815579981813E-246  0.25458586520563081        0.0000000000000000        11.217703427386779     
   9.2270364559390212E-289  0.25458586520563081        0.0000000000000000        13.792414050691656     
   3.4218266452043049E-305  0.25458586520563081        0.0000000000000000        14.732094686434300     
   0.0000000000000000       0.25458586520563081        0.0000000000000000        17.571055054218437     
   0.0000000000000000       0.25458586520563081        0.0000000000000000        18.738373062264255     
   0.0000000000000000       0.25458586520563081        0.0000000000000000        19.483949457730979     
   0.0000000000000000       0.25458586520563081        0.0000000000000000        21.527529523413587     
   0.0000000000000000       0.25458586520563081        0.0000000000000000        23.141196670187199     
   0.0000000000000000       0.25458586520563081        0.0000000000000000        23.242104643357049     
   0.0000000000000000       0.25458586520563081        0.0000000000000000        23.990865314912639     
   0.0000000000000000       0.25458586520563081        0.0000000000000000        25.871344974256857     
   0.0000000000000000       0.25458586520563081        0.0000000000000000        27.876369230758879     
   0.0000000000000000       0.25458586520563081        0.0000000000000000        28.140951226229806     
   2.0064396384748447E-003  0.50917173041126162        0.0000000000000000       -21.869919204433799     
   1.8212413261114351E-003  0.50917173041126162        0.0000000000000000       -9.9159562871525626     
   9.3423734747544859E-006  0.50917173041126162        0.0000000000000000       -8.3391118565489393     
   1.6113304186943505E-013  0.50917173041126162        0.0000000000000000       -7.5040094653730565     
   8.1883049676024325E-079  0.50917173041126162        0.0000000000000000        1.2737613208328018     
   4.3723650407111463E-093  0.50917173041126162        0.0000000000000000        2.0765681536997809     
   3.5750059093328963E-097  0.50917173041126162        0.0000000000000000        2.2843107393503272     
   1.0529221561101675E-105  0.50917173041126162        0.0000000000000000        2.8211282039954297     
   1.5592680680166937E-118  0.50917173041126162        0.0000000000000000        3.1007665300314708     
   4.6962250370662460E-127  0.50917173041126162        0.0000000000000000        4.1271635861442260     
   5.7654900549056206E-142  0.50917173041126162        0.0000000000000000        4.5055528389857020     
   4.8116383964201357E-153  0.50917173041126162        0.0000000000000000        5.6692628897026642     
   5.9887966657262410E-158  0.50917173041126162        0.0000000000000000        5.9694762869770592     
   1.3085320688989276E-168  0.50917173041126162        0.0000000000000000        6.1273874824955357     
   2.3654480213889252E-166  0.50917173041126162        0.0000000000000000        6.4698204296153996     
   6.8530695021908825E-178  0.50917173041126162        0.0000000000000000        7.1798631121451653     
   5.1580787830371666E-197  0.50917173041126162        0.0000000000000000        8.3108272561574736     
   9.9847146131411942E-208  0.50917173041126162        0.0000000000000000        8.9405939085471076     
   3.5050404228878339E-243  0.50917173041126162        0.0000000000000000        11.031013472753767     
   3.8612969040224283E-244  0.50917173041126162        0.0000000000000000        11.142006256736249     
   1.2118824569783901E-265  0.50917173041126162        0.0000000000000000        11.942463658757966     
   3.6775954588570544E-299  0.50917173041126162        0.0000000000000000        14.417461704967028     
   0.0000000000000000       0.50917173041126162        0.0000000000000000        15.449370698907169     
   0.0000000000000000       0.50917173041126162        0.0000000000000000        17.781016728187623     
   0.0000000000000000       0.50917173041126162        0.0000000000000000        19.423700189453108     
   0.0000000000000000       0.50917173041126162        0.0000000000000000        19.556314866594459     
   0.0000000000000000       0.50917173041126162        0.0000000000000000        20.708310960972891     
   0.0000000000000000       0.50917173041126162        0.0000000000000000        22.608332203212832     
   0.0000000000000000       0.50917173041126162        0.0000000000000000        22.819555941145456     
   0.0000000000000000       0.50917173041126162        0.0000000000000000        23.957703890383026     
   0.0000000000000000       0.50917173041126162        0.0000000000000000        24.166331662336518     
   0.0000000000000000       0.50917173041126162        0.0000000000000000        24.766565256062961     
   0.0000000000000000       0.50917173041126162        0.0000000000000000        25.305147106809603     
   3.4183572502248564E-003  0.76375759561689238        0.0000000000000000       -20.994138788283703     
   2.1195056824554435E-007  0.76375759561689238        0.0000000000000000       -10.186763975038215     
   6.4024970659950239E-005  0.76375759561689238        0.0000000000000000       -8.9580227996333974     
   1.8077601725856975E-003  0.76375759561689238        0.0000000000000000       -8.8878100833129885     
   4.2252645822663381E-107  0.76375759561689238        0.0000000000000000        2.4702676193137623     
   2.9407539606268243E-112  0.76375759561689238        0.0000000000000000        3.2876374403642870     
   9.3683960818900207E-125  0.76375759561689238        0.0000000000000000        3.5173445104910734     
   6.1452787647040041E-126  0.76375759561689238        0.0000000000000000        4.0146156715987749     
   4.5545899266414827E-126  0.76375759561689238        0.0000000000000000        4.0412466362192578     
   1.9573853153720846E-130  0.76375759561689238        0.0000000000000000        4.3262676460113942     
   1.6593946047570183E-147  0.76375759561689238        0.0000000000000000        5.3369563868120773     
   6.3759668449260757E-154  0.76375759561689238        0.0000000000000000        5.7179497690477099     
   5.6402138125521985E-166  0.76375759561689238        0.0000000000000000        6.4620055924084188     
   8.2907680920580854E-178  0.76375759561689238        0.0000000000000000        7.1598126763793219     
   1.9154135400278013E-195  0.76375759561689238        0.0000000000000000        7.6814875503738413     
   3.5157751308323017E-194  0.76375759561689238        0.0000000000000000        8.1664708670664972     
   3.3450265865803621E-216  0.76375759561689238        0.0000000000000000        9.4623389879108739     
   1.3698041997701780E-227  0.76375759561689238        0.0000000000000000        10.148535518800282     
   1.4155366365706500E-261  0.76375759561689238        0.0000000000000000        12.179873455192006     
   1.7744459408736156E-286  0.76375759561689238        0.0000000000000000        13.140362635842823     
   6.4356564714764160E-281  0.76375759561689238        0.0000000000000000        13.343844463076055     
   1.0550540027978618E-304  0.76375759561689238        0.0000000000000000        14.756987932109006     
   0.0000000000000000       0.76375759561689238        0.0000000000000000        16.536435806488768     
   0.0000000000000000       0.76375759561689238        0.0000000000000000        16.625931597562321     
   0.0000000000000000       0.76375759561689238        0.0000000000000000        19.792493347928335     
   0.0000000000000000       0.76375759561689238        0.0000000000000000        19.967643499076768     
   0.0000000000000000       0.76375759561689238        0.0000000000000000        20.568621052026160     
   0.0000000000000000       0.76375759561689238        0.0000000000000000        20.655463188987717     
   0.0000000000000000       0.76375759561689238        0.0000000000000000        20.705592543768336     
   0.0000000000000000       0.76375759561689238        0.0000000000000000        21.609993348781412     
   0.0000000000000000       0.76375759561689238        0.0000000000000000        21.621099130700298     
   0.0000000000000000       0.76375759561689238        0.0000000000000000        21.688979287233174     
   0.0000000000000000       0.76375759561689238        0.0000000000000000        21.901294473755133     
   4.8898152111375402E-003   1.0183434608225232        0.0000000000000000       -19.787518018582173     
   3.6647139355024338E-006   1.0183434608225232        0.0000000000000000       -11.971095748515820     
   2.8080485134288248E-004   1.0183434608225232        0.0000000000000000       -10.544054065396493     
   1.7709184930788232E-003   1.0183434608225232        0.0000000000000000       -7.5052679918566501     
   1.1302563996239054E-095   1.0183434608225232        0.0000000000000000        1.7911512182787519     
   3.3821354171419709E-126   1.0183434608225232        0.0000000000000000        4.1368418588884275     
   5.6155727304651167E-141   1.0183434608225232        0.0000000000000000        4.9579086184916195     
   2.9091491100410147E-146   1.0183434608225232        0.0000000000000000        5.2433786161103351     
   2.7841478127757513E-154   1.0183434608225232        0.0000000000000000        5.7364616731944746     
   6.3187467143138230E-159   1.0183434608225232        0.0000000000000000        6.0402941844649307     
   3.7143313434240208E-175   1.0183434608225232        0.0000000000000000        7.0003112476132543     
   2.3085101818737668E-181   1.0183434608225232        0.0000000000000000        7.3878076062607558     
   5.6877009437514195E-194   1.0183434608225232        0.0000000000000000        7.6548476059968271     
   1.2557105882194844E-203   1.0183434608225232        0.0000000000000000        8.7439979218905926     
   1.0505828235430282E-206   1.0183434608225232        0.0000000000000000        8.8895929731552581     
   2.1634747286051129E-224   1.0183434608225232        0.0000000000000000        9.3696221853808268     
   2.0978238888107107E-237   1.0183434608225232        0.0000000000000000        10.767833135643267     
   3.6971418641011675E-265   1.0183434608225232        0.0000000000000000        11.825164908779641     
   8.4593969371369402E-266   1.0183434608225232        0.0000000000000000        12.464311052923424     
   4.6399894109179666E-303   1.0183434608225232        0.0000000000000000        14.541715412435980     
   1.4494153866515308E-305   1.0183434608225232        0.0000000000000000        14.789477507581758     
   0.0000000000000000        1.0183434608225232        0.0000000000000000        15.639894465351498     
   0.0000000000000000        1.0183434608225232        0.0000000000000000        17.358996743156048     
   0.0000000000000000        1.0183434608225232        0.0000000000000000        17.561710120921244     
   0.0000000000000000        1.0183434608225232        0.0000000000000000        17.833994026357921     
   0.0000000000000000        1.0183434608225232        0.0000000000000000        18.073138548485559     
   0.0000000000000000        1.0183434608225232        0.0000000000000000        18.232908009378406     
   0.0000000000000000        1.0183434608225232        0.0000000000000000        18.439758877993984     
   0.0000000000000000        1.0183434608225232        0.0000000000000000        18.448060798964345     
   0.0000000000000000        1.0183434608225232        0.0000000000000000        18.515926261350167     
   0.0000000000000000        1.0183434608225232        0.0000000000000000        18.790773479105859     
   0.0000000000000000        1.0183434608225232        0.0000000000000000        19.221144093484131     
   0.0000000000000000        1.0183434608225232        0.0000000000000000        19.235068702612431     
   5.2437689027949128E-003   1.2729293260281540        0.0000000000000000       -18.283487168327106     
   2.4134205700286868E-005   1.2729293260281540        0.0000000000000000       -13.557556682023259     
   1.3436942023273956E-003   1.2729293260281540        0.0000000000000000       -12.052391389193037     
   1.6922350746100656E-003   1.2729293260281540        0.0000000000000000       -5.8588788843958000     
   1.2745935458143363E-060   1.2729293260281540        0.0000000000000000      -0.29205515240853946     
   1.6085293748343820E-170   1.2729293260281540        0.0000000000000000        6.2483970488320768     
   3.4375344547572004E-172   1.2729293260281540        0.0000000000000000        6.9089476671811330     
   6.2821472487501747E-191   1.2729293260281540        0.0000000000000000        7.4615129036442802     
   1.9300473859315501E-188   1.2729293260281540        0.0000000000000000        7.8313841771309676     
   5.6063420148828041E-204   1.2729293260281540        0.0000000000000000        8.2345385100311983     
   6.0277874935847849E-205   1.2729293260281540        0.0000000000000000        8.8289690041275684     
   3.6684870048253919E-216   1.2729293260281540        0.0000000000000000        8.9878739593688728     
   2.0814793239627645E-216   1.2729293260281540        0.0000000000000000        9.5164216124760603     
   1.8879153711019539E-228   1.2729293260281540        0.0000000000000000        9.6279553587611133     
   1.9173462159298154E-223   1.2729293260281540        0.0000000000000000        9.9542032471312272     
   2.2445650752936310E-251   1.2729293260281540        0.0000000000000000        11.500637596183743     
   3.5114069317523700E-260   1.2729293260281540        0.0000000000000000        11.514264240663495     
   1.7351822350439596E-286   1.2729293260281540        0.0000000000000000        13.656052910279797     
   3.5744811117824394E-299   1.2729293260281540        0.0000000000000000        13.915809783241091     
   6.2295188824879178E-306   1.2729293260281540        0.0000000000000000        14.720533385956811     
   2.9419584410694229E-308   1.2729293260281540        0.0000000000000000        14.953929503335070     
   0.0000000000000000        1.2729293260281540        0.0000000000000000        15.262864421112301     
   0.0000000000000000        1.2729293260281540        0.0000000000000000        15.678158568501722     
   0.0000000000000000        1.2729293260281540        0.0000000000000000        15.694977380371535     
   0.0000000000000000        1.2729293260281540        0.0000000000000000        15.730797084948332     
   0.0000000000000000        1.2729293260281540        0.0000000000000000        16.120077421893438     
   0.0000000000000000        1.2729293260281540        0.0000000000000000        16.222454809768458     
   0.0000000000000000        1.2729293260281540        0.0000000000000000        16.469922205631701     
   0.0000000000000000        1.2729293260281540        0.0000000000000000        16.529671872909816     
   0.0000000000000000        1.2729293260281540        0.0000000000000000        16.742741903208099     
   0.0000000000000000        1.2729293260281540        0.0000000000000000        16.813630550292885     
   0.0000000000000000        1.2729293260281540        0.0000000000000000        17.365838229177772     
   0.0000000000000000        1.2729293260281540        0.0000000000000000        17.786284307791810     
   2.5742210122886259E-005   1.5275151912337848        0.0000000000000000       -16.587363271145360     
   1.7514009635586958E-004   1.5275151912337848        0.0000000000000000       -14.888154147310432     
   4.7046657731198891E-014   1.5275151912337848        0.0000000000000000       -13.289739253062621     
   1.5873945103625003E-003   1.5275151912337848        0.0000000000000000       -4.1359969454329564     
   3.8660729989024187E-024   1.5275151912337848        0.0000000000000000       -2.0973761543802878     
   1.2962362372274647E-181   1.5275151912337848        0.0000000000000000        7.4392850129764465     
   2.2248553491320118E-206   1.5275151912337848        0.0000000000000000        8.6717261201861096     
   1.9753217197303771E-223   1.5275151912337848        0.0000000000000000        9.9164126220526665     
   9.0926839903413462E-230   1.5275151912337848        0.0000000000000000        10.107869738948610     
   1.7254757034772425E-229   1.5275151912337848        0.0000000000000000        10.141002591525623     
   8.6589132361257698E-231   1.5275151912337848        0.0000000000000000        10.189700083310207     
   1.8149997537080738E-241   1.5275151912337848        0.0000000000000000        10.813228253934904     
   3.8366470511726876E-240   1.5275151912337848        0.0000000000000000        10.901992603021885     
   6.4600673697590004E-261   1.5275151912337848        0.0000000000000000        12.072648087245271     
   1.6219173848782668E-264   1.5275151912337848        0.0000000000000000        12.162205920273044     
   3.4299457744280487E-277   1.5275151912337848        0.0000000000000000        13.057468054275317     
   6.2227801890872709E-280   1.5275151912337848        0.0000000000000000        13.102969841189994     
   4.4220841874715229E-287   1.5275151912337848        0.0000000000000000        13.178518981914671     
   3.2271896179888416E-283   1.5275151912337848        0.0000000000000000        13.436169149570889     
   1.7617324005289167E-285   1.5275151912337848        0.0000000000000000        13.496904957384473     
   4.2789144133229387E-287   1.5275151912337848        0.0000000000000000        13.540515553150833     
   1.0991944434300568E-290   1.5275151912337848        0.0000000000000000        13.864422174090715     
   2.3124677927383271E-293   1.5275151912337848        0.0000000000000000        13.921463220262305     
   3.3795544790909351E-300   1.5275151912337848        0.0000000000000000        13.940214856697079     
   4.1168723209451859E-300   1.5275151912337848        0.0000000000000000        14.376857967069576     
   2.6951122057245370E-299   1.5275151912337848        0.0000000000000000        14.384723417449736     
   3.5356608605013101E-309   1.5275151912337848        0.0000000000000000        14.491613269038792     
   2.1010792659225786E-314   1.5275151912337848        0.0000000000000000        15.188427953856038     
   0.0000000000000000        1.5275151912337848        0.0000000000000000        15.555999865442972     
   0.0000000000000000        1.5275151912337848        0.0000000000000000        15.605431520352472     
   0.0000000000000000        1.5275151912337848        0.0000000000000000        15.784734400726006     
   0.0000000000000000        1.5275151912337848        0.0000000000000000        16.195376217890566     
   0.0000000000000000        1.5275151912337848        0.0000000000000000        16.357451027187519     
   4.0927109851523244E-004   8.4861955068543604E-002   0.0000000000000000       -22.557571000108993     
   1.8250822767606097E-003   8.4861955068543604E-002   0.0000000000000000       -10.734392522319670     
   2.9653346314439123E-008   8.4861955068543604E-002   0.0000000000000000       -6.1472147849172600     
   1.6766943705759934E-007   8.4861955068543604E-002   0.0000000000000000       -6.1093234777200118     
   6.4726084758012864E-064   8.4861955068543604E-002   0.0000000000000000       0.34206232807756110     
   2.7854659664234130E-077   8.4861955068543604E-002   0.0000000000000000        1.1296944608615103     
   8.9994097049238353E-082   8.4861955068543604E-002   0.0000000000000000        1.3253138309667576     
   8.5597304615336525E-090   8.4861955068543604E-002   0.0000000000000000        1.8694487087297591     
   7.4796272361997074E-095   8.4861955068543604E-002   0.0000000000000000        2.1477199348623262     
   1.7041420600777539E-111   8.4861955068543604E-002   0.0000000000000000        3.1808425565033991     
   2.8521693444055957E-118   8.4861955068543604E-002   0.0000000000000000        3.5619083210189526     
   1.1814272931197585E-141   8.4861955068543604E-002   0.0000000000000000        5.0322942004608695     
   2.8285115413187216E-153   8.4861955068543604E-002   0.0000000000000000        5.1741906804898630     
   1.7889875817818376E-145   8.4861955068543604E-002   0.0000000000000000        5.2500992835896358     
   2.0371180259544013E-159   8.4861955068543604E-002   0.0000000000000000        5.5106586202482504     
   1.3608131587824213E-181   8.4861955068543604E-002   0.0000000000000000        7.3882748257142321     
   2.0397652488578205E-201   8.4861955068543604E-002   0.0000000000000000        7.9935689204169718     
   3.1795787806330737E-197   8.4861955068543604E-002   0.0000000000000000        8.2585454809476211     
   2.5047333946871454E-220   8.4861955068543604E-002   0.0000000000000000        9.4817856030784267     
   2.1449370304486654E-229   8.4861955068543604E-002   0.0000000000000000        10.246527248008045     
   3.7727762513348271E-243   8.4861955068543604E-002   0.0000000000000000        11.001782460446639     
   1.8642588199481652E-285   8.4861955068543604E-002   0.0000000000000000        13.594388105835947     
   4.6833719117777636E-302   8.4861955068543604E-002   0.0000000000000000        14.517727489487957     
   0.0000000000000000        8.4861955068543604E-002   0.0000000000000000        17.402108554264156     
   0.0000000000000000        8.4861955068543604E-002   0.0000000000000000        18.529817400476851     
   0.0000000000000000        8.4861955068543604E-002   0.0000000000000000        18.972936003763952     
   0.0000000000000000        8.4861955068543604E-002   0.0000000000000000        21.588347237491291     
   0.0000000000000000        8.4861955068543604E-002   0.0000000000000000        23.029671903658681     
   0.0000000000000000        8.4861955068543604E-002   0.0000000000000000        24.766631107610859     
   0.0000000000000000        8.4861955068543604E-002   0.0000000000000000        24.851498514476969     
   0.0000000000000000        8.4861955068543604E-002   0.0000000000000000        25.790406619044063     
   0.0000000000000000        8.4861955068543604E-002   0.0000000000000000        28.010551827813412     
   0.0000000000000000        8.4861955068543604E-002   0.0000000000000000        28.060351924854540     
   1.2345187238156394E-003  0.33944782027417442        0.0000000000000000       -22.262225719330047     
   1.8240997972487124E-003  0.33944782027417442        0.0000000000000000       -10.381812722432956     
   1.7278384029093564E-007  0.33944782027417442        0.0000000000000000       -7.2183010960355025     
   1.0307388989577336E-006  0.33944782027417442        0.0000000000000000       -6.7406158723785108     
   4.0591756871500589E-070  0.33944782027417442        0.0000000000000000       0.74130366404069759     
   4.5909064257174421E-084  0.33944782027417442        0.0000000000000000        1.5358937475674486     
   3.3907964276792617E-088  0.33944782027417442        0.0000000000000000        1.7363001442455297     
   1.2810339548778339E-096  0.33944782027417442        0.0000000000000000        2.2775334721934946     
   3.1022769478756319E-101  0.33944782027417442        0.0000000000000000        2.5560988533809290     
   2.7588676846809920E-118  0.33944782027417442        0.0000000000000000        3.5868290501909224     
   1.2768735357200782E-124  0.33944782027417442        0.0000000000000000        3.9661962801528365     
   3.6023205168654992E-156  0.33944782027417442        0.0000000000000000        5.3616194241829742     
   8.3294967439361085E-149  0.33944782027417442        0.0000000000000000        5.4347709699137177     
   1.2239117830320745E-165  0.33944782027417442        0.0000000000000000        5.9269821742727915     
   5.2328272862533594E-163  0.33944782027417442        0.0000000000000000        6.2987155227275267     
   9.6461088436187684E-188  0.33944782027417442        0.0000000000000000        7.2785408403291747     
   3.1067574192213759E-188  0.33944782027417442        0.0000000000000000        7.7853697277524869     
   5.6697030815026676E-199  0.33944782027417442        0.0000000000000000        8.4006533934258556     
   9.7376386352598964E-228  0.33944782027417442        0.0000000000000000        10.069929451261190     
   7.0323015448345145E-236  0.33944782027417442        0.0000000000000000        10.634491914564359     
   2.5536674838701281E-249  0.33944782027417442        0.0000000000000000        11.406128651941060     
   1.3606268484937520E-291  0.33944782027417442        0.0000000000000000        13.962222063045303     
   3.9139534768238303E-308  0.33944782027417442        0.0000000000000000        14.918885323185998     
   0.0000000000000000       0.33944782027417442        0.0000000000000000        17.699390469201742     
   0.0000000000000000       0.33944782027417442        0.0000000000000000        18.918415275925557     
   0.0000000000000000       0.33944782027417442        0.0000000000000000        19.881141232294240     
   0.0000000000000000       0.33944782027417442        0.0000000000000000        21.082482177269036     
   0.0000000000000000       0.33944782027417442        0.0000000000000000        22.640444628911258     
   0.0000000000000000       0.33944782027417442        0.0000000000000000        23.429223993620575     
   0.0000000000000000       0.33944782027417442        0.0000000000000000        23.533359236865110     
   0.0000000000000000       0.33944782027417442        0.0000000000000000        26.043231119962975     
   0.0000000000000000       0.33944782027417442        0.0000000000000000        26.764918369803524     
   0.0000000000000000       0.33944782027417442        0.0000000000000000        27.182892294233039     
   2.4490921296631430E-003  0.59403368547980517        0.0000000000000000       -21.615889511342811     
   1.8183607382967358E-003  0.59403368547980517        0.0000000000000000       -9.6159437098878726     
   1.9505304765974400E-005  0.59403368547980517        0.0000000000000000       -8.9478838381677424     
   2.1461036792642350E-013  0.59403368547980517        0.0000000000000000       -7.9582580687102977     
   1.6457229499336971E-084  0.59403368547980517        0.0000000000000000        1.6197271218632565     
   6.2122392771069267E-099  0.59403368547980517        0.0000000000000000        2.4273204370754011     
   4.2157480134852965E-110  0.59403368547980517        0.0000000000000000        2.6405238031524840     
   1.8526284454324858E-111  0.59403368547980517        0.0000000000000000        3.1740859699979724     
   4.8326133267509886E-124  0.59403368547980517        0.0000000000000000        3.4548312551119067     
   7.1026904944873249E-133  0.59403368547980517        0.0000000000000000        4.4776423951163844     
   1.7848944083511837E-147  0.59403368547980517        0.0000000000000000        4.8561140984496491     
   2.0334197220192492E-149  0.59403368547980517        0.0000000000000000        5.4573702959653572     
   1.8295830083048810E-157  0.59403368547980517        0.0000000000000000        5.8884677263950183     
   9.9532029620069491E-164  0.59403368547980517        0.0000000000000000        6.3155204567917904     
   4.2919006394438026E-172  0.59403368547980517        0.0000000000000000        6.8206021012851235     
   3.0516314943815724E-184  0.59403368547980517        0.0000000000000000        7.5565720620598986     
   1.1707098643133188E-202  0.59403368547980517        0.0000000000000000        8.6490029823398675     
   1.8483030372110569E-213  0.59403368547980517        0.0000000000000000        9.2903984194378957     
   1.0993881283156462E-249  0.59403368547980517        0.0000000000000000        11.462417575474671     
   8.6265150493623356E-254  0.59403368547980517        0.0000000000000000        11.709349451312031     
   2.0434800536413088E-271  0.59403368547980517        0.0000000000000000        12.289739143672859     
   2.8553288642353138E-303  0.59403368547980517        0.0000000000000000        14.666311711222299     
   0.0000000000000000       0.59403368547980517        0.0000000000000000        15.791877933103795     
   0.0000000000000000       0.59403368547980517        0.0000000000000000        17.386950997352688     
   0.0000000000000000       0.59403368547980517        0.0000000000000000        19.309934293385371     
   0.0000000000000000       0.59403368547980517        0.0000000000000000        19.740377562157398     
   0.0000000000000000       0.59403368547980517        0.0000000000000000        20.924187845471881     
   0.0000000000000000       0.59403368547980517        0.0000000000000000        22.054737015886893     
   0.0000000000000000       0.59403368547980517        0.0000000000000000        22.950390177469043     
   0.0000000000000000       0.59403368547980517        0.0000000000000000        23.076163640702504     
   0.0000000000000000       0.59403368547980517        0.0000000000000000        23.696726314761104     
   0.0000000000000000       0.59403368547980517        0.0000000000000000        24.018056017690260     
   0.0000000000000000       0.59403368547980517        0.0000000000000000        24.100122284746185     
   3.9252832605151961E-003  0.84861955068543593        0.0000000000000000       -20.627600365039399     
   7.1202774060514168E-007  0.84861955068543593        0.0000000000000000       -10.797616266920169     
   1.0690010572966127E-004  0.84861955068543593        0.0000000000000000       -9.4837374756117896     
   1.7988965090722513E-003  0.84861955068543593        0.0000000000000000       -8.4631704583987037     
   4.7626457366322202E-116  0.84861955068543593        0.0000000000000000        2.9742251615576434     
   6.7497221649367054E-112  0.84861955068543593        0.0000000000000000        3.2703685522125592     
   1.0556788096075165E-121  0.84861955068543593        0.0000000000000000        3.7956192741034864     
   3.1475116592384158E-126  0.84861955068543593        0.0000000000000000        4.0379333781729398     
   1.2677891094440637E-134  0.84861955068543593        0.0000000000000000        4.5546340112766330     
   5.0731145232668284E-139  0.84861955068543593        0.0000000000000000        4.8434994453196225     
   5.9729888249824578E-156  0.84861955068543593        0.0000000000000000        5.8439213311525338     
   4.6948778000316652E-165  0.84861955068543593        0.0000000000000000        6.2278981694673243     
   1.3746084317785370E-171  0.84861955068543593        0.0000000000000000        6.8149701612568183     
   5.1077320579084704E-186  0.84861955068543593        0.0000000000000000        7.6532571006353995     
   8.6504499110633326E-205  0.84861955068543593        0.0000000000000000        8.1915567693358806     
   2.0399254151301126E-198  0.84861955068543593        0.0000000000000000        8.4231558469524881     
   8.0550727753163907E-224  0.84861955068543593        0.0000000000000000        9.9216116289706147     
   5.8105131561080719E-236  0.84861955068543593        0.0000000000000000        10.656192720735174     
   1.4530601089745050E-266  0.84861955068543593        0.0000000000000000        12.484284208360329     
   4.5288543719024145E-295  0.84861955068543593        0.0000000000000000        13.642186805625869     
   2.5276691150524608E-295  0.84861955068543593        0.0000000000000000        14.212826115076410     
   1.8878744118412641E-299  0.84861955068543593        0.0000000000000000        14.429222192771221     
   0.0000000000000000       0.84861955068543593        0.0000000000000000        16.696744324887344     
   0.0000000000000000       0.84861955068543593        0.0000000000000000        17.111559007700745     
   0.0000000000000000       0.84861955068543593        0.0000000000000000        19.184529544397375     
   0.0000000000000000       0.84861955068543593        0.0000000000000000        19.677580492049067     
   0.0000000000000000       0.84861955068543593        0.0000000000000000        19.695086391350461     
   0.0000000000000000       0.84861955068543593        0.0000000000000000        20.115166748971216     
   0.0000000000000000       0.84861955068543593        0.0000000000000000        20.490203015146562     
   0.0000000000000000       0.84861955068543593        0.0000000000000000        20.503756461004890     
   0.0000000000000000       0.84861955068543593        0.0000000000000000        20.645585184689146     
   0.0000000000000000       0.84861955068543593        0.0000000000000000        20.818867546479012     
   0.0000000000000000       0.84861955068543593        0.0000000000000000        20.967564423340750     
   5.2672240917708149E-003   1.1032054158910669        0.0000000000000000       -19.316571966145215     
   7.0977532947298995E-006   1.1032054158910669        0.0000000000000000       -12.525729050119574     
   4.5749334517758628E-004   1.1032054158910669        0.0000000000000000       -11.064190679885769     
   1.7501641519995516E-003   1.1032054158910669        0.0000000000000000       -6.9791878669988057     
   2.2522775548741174E-083   1.1032054158910669        0.0000000000000000        1.0726101485902679     
   4.4107651280568708E-137   1.1032054158910669        0.0000000000000000        4.7936032920949918     
   1.2773921582310571E-151   1.1032054158910669        0.0000000000000000        5.6021245154820658     
   1.1928696351788251E-157   1.1032054158910669        0.0000000000000000        5.9281683184764624     
   2.6963329206576973E-165   1.1032054158910669        0.0000000000000000        6.4002746643028363     
   2.5161513100694870E-170   1.1032054158910669        0.0000000000000000        6.7192916717543563     
   1.2136130491011743E-185   1.1032054158910669        0.0000000000000000        7.6345786628220491     
   5.3708358488386592E-191   1.1032054158910669        0.0000000000000000        7.9789321893843344     
   2.4208399772757413E-203   1.1032054158910669        0.0000000000000000        8.1888459713186830     
   1.0833771145023741E-209   1.1032054158910669        0.0000000000000000        9.1086731817115094     
   6.9259433238484903E-213   1.1032054158910669        0.0000000000000000        9.2797843472175696     
   4.8562100797846389E-235   1.1032054158910669        0.0000000000000000        10.036171825320645     
   3.9059041700885504E-240   1.1032054158910669        0.0000000000000000        10.938434631937703     
   2.3254136997287329E-275   1.1032054158910669        0.0000000000000000        12.483176160827099     
   9.2413835123860052E-268   1.1032054158910669        0.0000000000000000        12.565271544063295     
   2.0306601608992790E-310   1.1032054158910669        0.0000000000000000        15.041043482017079     
   0.0000000000000000        1.1032054158910669        0.0000000000000000        15.421088547540212     
   0.0000000000000000        1.1032054158910669        0.0000000000000000        15.745968247551517     
   0.0000000000000000        1.1032054158910669        0.0000000000000000        16.521143281115492     
   0.0000000000000000        1.1032054158910669        0.0000000000000000        16.938527534866097     
   0.0000000000000000        1.1032054158910669        0.0000000000000000        17.386553983268456     
   0.0000000000000000        1.1032054158910669        0.0000000000000000        17.461267462408028     
   0.0000000000000000        1.1032054158910669        0.0000000000000000        17.477705859137501     
   0.0000000000000000        1.1032054158910669        0.0000000000000000        17.809537795501086     
   0.0000000000000000        1.1032054158910669        0.0000000000000000        17.849431860518710     
   0.0000000000000000        1.1032054158910669        0.0000000000000000        18.016384038181481     
   0.0000000000000000        1.1032054158910669        0.0000000000000000        18.263976878522328     
   0.0000000000000000        1.1032054158910669        0.0000000000000000        18.530070194228905     
   0.0000000000000000        1.1032054158910669        0.0000000000000000        18.574837273791001     
   4.1710959604101625E-003   1.3577912810966977        0.0000000000000000       -17.728958902663390     
   4.4634290578944214E-005   1.3577912810966977        0.0000000000000000       -14.031230131421308     
   2.4452928651322306E-003   1.3577912810966977        0.0000000000000000       -12.507394564192765     
   1.6557797654157096E-003   1.3577912810966977        0.0000000000000000       -5.2796396893263511     
   5.8442627104347636E-050   1.3577912810966977        0.0000000000000000      -0.92930792849333221     
   2.3800512101026657E-184   1.3577912810966977        0.0000000000000000        7.0377083960874307     
   7.0040991076025246E-180   1.3577912810966977        0.0000000000000000        7.3785209053240983     
   1.8317074121504812E-205   1.3577912810966977        0.0000000000000000        8.3096751261830892     
   7.6368056217676440E-200   1.3577912810966977        0.0000000000000000        8.5491676819047875     
   2.0807224050739743E-218   1.3577912810966977        0.0000000000000000        9.0627188694904053     
   4.0428047699962011E-213   1.3577912810966977        0.0000000000000000        9.2994587216644238     
   2.3504570553817990E-224   1.3577912810966977        0.0000000000000000        9.4575794448353019     
   4.0646609150957653E-219   1.3577912810966977        0.0000000000000000        9.6926836207514029     
   6.2810608016771739E-242   1.3577912810966977        0.0000000000000000        10.444808163526487     
   1.5265942252872291E-233   1.3577912810966977        0.0000000000000000        10.459957829136762     
   2.4045026518236339E-261   1.3577912810966977        0.0000000000000000        12.180510745791914     
   1.0304858881085549E-272   1.3577912810966977        0.0000000000000000        12.312633441120870     
   2.0293162576602416E-293   1.3577912810966977        0.0000000000000000        14.108706382320429     
   1.5570141678731550E-305   1.3577912810966977        0.0000000000000000        14.235809121634398     
   5.1030577886720946E-298   1.3577912810966977        0.0000000000000000        14.323194669923032     
   6.7491110674612878E-300   1.3577912810966977        0.0000000000000000        14.493211937815246     
   3.7165944587477050E-313   1.3577912810966977        0.0000000000000000        14.711349271935680     
   3.5550495343166735E-310   1.3577912810966977        0.0000000000000000        14.891526181944956     
   1.1591451980713988E-317   1.3577912810966977        0.0000000000000000        14.950512569917887     
   2.4348295106483179E-309   1.3577912810966977        0.0000000000000000        15.022660831941602     
   0.0000000000000000        1.3577912810966977        0.0000000000000000        15.333934568124560     
   0.0000000000000000        1.3577912810966977        0.0000000000000000        15.710900665612696     
   0.0000000000000000        1.3577912810966977        0.0000000000000000        15.719078230560786     
   0.0000000000000000        1.3577912810966977        0.0000000000000000        15.794953091545107     
   0.0000000000000000        1.3577912810966977        0.0000000000000000        16.588649825353887     
   0.0000000000000000        1.3577912810966977        0.0000000000000000        16.865166733596780     
   0.0000000000000000        1.3577912810966977        0.0000000000000000        17.059594789335506     
   0.0000000000000000        1.3577912810966977        0.0000000000000000        17.098142162987230     
   1.0283641491533651E-004   1.6123771463023282        0.0000000000000000       -16.048743324461920     
   3.9225298088801724E-004   1.6123771463023282        0.0000000000000000       -15.269783187462966     
   1.0905420147658006E-013   1.6123771463023282        0.0000000000000000       -13.569341932186370     
   1.5770515343223092E-003   1.6123771463023282        0.0000000000000000       -3.5996156792642213     
   1.0589802811813741E-014   1.6123771463023282        0.0000000000000000       -2.6233523317534324     
   3.2953419291032364E-180   1.6123771463023282        0.0000000000000000        7.3351533072117583     
   3.7674804647293674E-218   1.6123771463023282        0.0000000000000000        9.4080495568316262     
   2.9703369825044543E-223   1.6123771463023282        0.0000000000000000        9.9177685652889345     
   4.0861508963232703E-232   1.6123771463023282        0.0000000000000000        10.283229417749444     
   4.2764771681948278E-244   1.6123771463023282        0.0000000000000000        11.063076373734351     
   9.5443956892750295E-247   1.6123771463023282        0.0000000000000000        11.175063189553496     
   1.9566103897598724E-255   1.6123771463023282        0.0000000000000000        11.749864752213341     
   1.1913961702939973E-255   1.6123771463023282        0.0000000000000000        11.822370299701479     
   8.6356330536072462E-276   1.6123771463023282        0.0000000000000000        12.484965037173723     
   1.5534269749976528E-269   1.6123771463023282        0.0000000000000000        12.625576323563362     
   1.2621209730580318E-279   1.6123771463023282        0.0000000000000000        12.689669471864418     
   2.8626670074746835E-272   1.6123771463023282        0.0000000000000000        12.778789201618983     
   1.2923977047972773E-275   1.6123771463023282        0.0000000000000000        12.883549762454717     
   7.8678134612892215E-275   1.6123771463023282        0.0000000000000000        12.923951047659459     
   1.4558233272046929E-278   1.6123771463023282        0.0000000000000000        13.114401887596197     
   8.5237845895354626E-281   1.6123771463023282        0.0000000000000000        13.202654390560879     
   5.9277284079823473E-289   1.6123771463023282        0.0000000000000000        13.295787527257390     
   1.0249197404780401E-287   1.6123771463023282        0.0000000000000000        13.674786042973842     
   5.5251839010809943E-290   1.6123771463023282        0.0000000000000000        13.814199484264934     
   6.9727705725718620E-292   1.6123771463023282        0.0000000000000000        13.891355185067262     
   2.1144491974354533E-301   1.6123771463023282        0.0000000000000000        14.539496596231176     
   1.0049056545392398E-310   1.6123771463023282        0.0000000000000000        14.567038325855030     
   1.9078535550000192E-304   1.6123771463023282        0.0000000000000000        14.707772879811603     
   7.2334748357622105E-314   1.6123771463023282        0.0000000000000000        15.212459142903713     
   0.0000000000000000        1.6123771463023282        0.0000000000000000        15.260994726956893     
   0.0000000000000000        1.6123771463023282        0.0000000000000000        15.404028370699384     
   0.0000000000000000        1.6123771463023282        0.0000000000000000        16.205620215296257     
   0.0000000000000000        1.6123771463023282        0.0000000000000000        16.371413732252620     
   6.3696171498061954E-004  0.16972391013708721        0.0000000000000000       -22.498428418795179     
   1.8249907474624553E-003  0.16972391013708721        0.0000000000000000       -10.663665510852452     
   9.7258164711772078E-008  0.16972391013708721        0.0000000000000000       -6.3837998043195672     
   1.9590119671166398E-008  0.16972391013708721        0.0000000000000000       -6.2399702276117770     
   4.6453565652442356E-065  0.16972391013708721        0.0000000000000000       0.42188664925277086     
   1.2223323375702508E-078  0.16972391013708721        0.0000000000000000        1.2109764958470131     
   5.8085722440124176E-083  0.16972391013708721        0.0000000000000000        1.4075088078663041     
   3.6876338782605380E-091  0.16972391013708721        0.0000000000000000        1.9510893897488564     
   4.9129785698826430E-096  0.16972391013708721        0.0000000000000000        2.2293821128743323     
   7.4517182879900761E-113  0.16972391013708721        0.0000000000000000        3.2620843186414268     
   1.8928629542214147E-119  0.16972391013708721        0.0000000000000000        3.6427375585841966     
   4.0408172253895598E-143  0.16972391013708721        0.0000000000000000        5.1128741817539041     
   1.0404900854572729E-153  0.16972391013708721        0.0000000000000000        5.2068563136134012     
   1.4502567835818492E-149  0.16972391013708721        0.0000000000000000        5.4947190081770305     
   1.6581121027122356E-160  0.16972391013708721        0.0000000000000000        5.5955366395538988     
   6.3426519244625908E-183  0.16972391013708721        0.0000000000000000        7.4678621357397743     
   7.2109677548032105E-201  0.16972391013708721        0.0000000000000000        8.0534296101394780     
   6.7304445611297961E-194  0.16972391013708721        0.0000000000000000        8.0751881044431606     
   6.7263279172034832E-221  0.16972391013708721        0.0000000000000000        9.5884906893739981     
   1.0658049560334570E-230  0.16972391013708721        0.0000000000000000        10.324497385516400     
   2.8324647994010143E-244  0.16972391013708721        0.0000000000000000        11.082833198672994     
   1.0555586133897615E-286  0.16972391013708721        0.0000000000000000        13.669071380339913     
   3.6850256704591350E-303  0.16972391013708721        0.0000000000000000        14.598240258663923     
   0.0000000000000000       0.16972391013708721        0.0000000000000000        17.467496148074929     
   0.0000000000000000       0.16972391013708721        0.0000000000000000        18.608561429729928     
   0.0000000000000000       0.16972391013708721        0.0000000000000000        19.171274063187592     
   0.0000000000000000       0.16972391013708721        0.0000000000000000        21.601447069587859     
   0.0000000000000000       0.16972391013708721        0.0000000000000000        23.109156082541027     
   0.0000000000000000       0.16972391013708721        0.0000000000000000        24.016807831532368     
   0.0000000000000000       0.16972391013708721        0.0000000000000000        24.452543714381342     
   0.0000000000000000       0.16972391013708721        0.0000000000000000        25.773975841501947     
   0.0000000000000000       0.16972391013708721        0.0000000000000000        27.900815665517683     
   0.0000000000000000       0.16972391013708721        0.0000000000000000        28.088330669296262     
   1.6001668937023861E-003  0.42430977534271797        0.0000000000000000       -22.085470912900806     
   1.8230325323875477E-003  0.42430977534271797        0.0000000000000000       -10.171546825197037     
   1.3592940518095391E-007  0.42430977534271797        0.0000000000000000       -7.7560059238942261     
   3.6756045822492512E-006  0.42430977534271797        0.0000000000000000       -7.0944737909448863     
   5.1560380355934950E-074  0.42430977534271797        0.0000000000000000       0.98091975944316345     
   3.9709927165049600E-088  0.42430977534271797        0.0000000000000000        1.7793412057567211     
   3.2141863305778251E-092  0.42430977534271797        0.0000000000000000        1.9829022181157292     
   1.0400019538231728E-100  0.42430977534271797        0.0000000000000000        2.5222312934513309     
   3.1173923591767360E-105  0.42430977534271797        0.0000000000000000        2.8011855253079663     
   2.3606320568824777E-122  0.42430977534271797        0.0000000000000000        3.8301331043895241     
   1.6898778562759707E-136  0.42430977534271797        0.0000000000000000        4.2088883503381194     
   3.4273755029865607E-150  0.42430977534271797        0.0000000000000000        5.4943766889734933     
   5.6428329086001720E-153  0.42430977534271797        0.0000000000000000        5.6756953886314507     
   4.3785978533298878E-170  0.42430977534271797        0.0000000000000000        6.1720010898550903     
   4.4579924745514554E-171  0.42430977534271797        0.0000000000000000        6.7406898873414383     
   1.0490938223528186E-170  0.42430977534271797        0.0000000000000000        6.7529597722434200     
   3.3813812509672222E-192  0.42430977534271797        0.0000000000000000        8.0224815595379795     
   6.7801119316060382E-203  0.42430977534271797        0.0000000000000000        8.6439408486805664     
   2.7978125769206538E-234  0.42430977534271797        0.0000000000000000        10.482962604801493     
   1.0124400720040409E-239  0.42430977534271797        0.0000000000000000        10.864567698936609     
   3.2651100950162738E-253  0.42430977534271797        0.0000000000000000        11.647816894191646     
   4.0606393628546470E-295  0.42430977534271797        0.0000000000000000        14.173961728807740     
   5.7386829679037307E-312  0.42430977534271797        0.0000000000000000        15.158151208083734     
   0.0000000000000000       0.42430977534271797        0.0000000000000000        17.812774589559968     
   0.0000000000000000       0.42430977534271797        0.0000000000000000        19.147616758548232     
   0.0000000000000000       0.42430977534271797        0.0000000000000000        20.271608529784523     
   0.0000000000000000       0.42430977534271797        0.0000000000000000        20.315200621810153     
   0.0000000000000000       0.42430977534271797        0.0000000000000000        22.630448527208603     
   0.0000000000000000       0.42430977534271797        0.0000000000000000        23.083411392678826     
   0.0000000000000000       0.42430977534271797        0.0000000000000000        23.670798764402260     
   0.0000000000000000       0.42430977534271797        0.0000000000000000        25.438855681564803     
   0.0000000000000000       0.42430977534271797        0.0000000000000000        25.920729553473024     
   0.0000000000000000       0.42430977534271797        0.0000000000000000        26.272786622684066     
   2.9224185024018419E-003  0.67889564054834883        0.0000000000000000       -21.323789732265450     
   2.3894941065182885E-008  0.67889564054834883        0.0000000000000000       -9.5674549294141897     
   1.8506551757623633E-003  0.67889564054834883        0.0000000000000000       -9.2727170067133837     
   1.6818021790378522E-013  0.67889564054834883        0.0000000000000000       -8.4463663406759419     
   7.2416099406341105E-100  0.67889564054834883        0.0000000000000000        2.0186470913880963     
   1.0647858975851297E-104  0.67889564054834883        0.0000000000000000        2.8312108378973866     
   1.5163171154238161E-116  0.67889564054834883        0.0000000000000000        3.0515375999285199     
   3.1166143875876682E-118  0.67889564054834883        0.0000000000000000        3.5808972407172295     
   7.6100112745445723E-131  0.67889564054834883        0.0000000000000000        3.8633497680275006     
   1.2751257901724126E-137  0.67889564054834883        0.0000000000000000        4.7479828635485628     
   6.6206853651109859E-140  0.67889564054834883        0.0000000000000000        4.8811376866509812     
   4.3848436825683841E-146  0.67889564054834883        0.0000000000000000        5.2603824653874645     
   3.1481870961268000E-161  0.67889564054834883        0.0000000000000000        6.1528214183589762     
   2.3327909153066468E-170  0.67889564054834883        0.0000000000000000        6.7128572680287286     
   1.0819134658069890E-187  0.67889564054834883        0.0000000000000000        7.2244761752770517     
   1.8607360637114396E-189  0.67889564054834883        0.0000000000000000        7.8818721779451799     
   4.3940944481984608E-209  0.67889564054834883        0.0000000000000000        9.0344865149551232     
   4.3888231315302451E-220  0.67889564054834883        0.0000000000000000        9.6931364181716617     
   1.4534859805498970E-255  0.67889564054834883        0.0000000000000000        11.816310324611836     
   8.5964016458202572E-267  0.67889564054834883        0.0000000000000000        12.493125731064087     
   3.6312010111669350E-279  0.67889564054834883        0.0000000000000000        12.689233817615721     
   4.0831949219576651E-306  0.67889564054834883        0.0000000000000000        14.840900491530594     
   0.0000000000000000       0.67889564054834883        0.0000000000000000        16.184665817372903     
   0.0000000000000000       0.67889564054834883        0.0000000000000000        16.819715559855283     
   0.0000000000000000       0.67889564054834883        0.0000000000000000        19.468481691048417     
   0.0000000000000000       0.67889564054834883        0.0000000000000000        20.065449374535710     
   0.0000000000000000       0.67889564054834883        0.0000000000000000        20.781812445094534     
   0.0000000000000000       0.67889564054834883        0.0000000000000000        21.375594764037629     
   0.0000000000000000       0.67889564054834883        0.0000000000000000        21.794779867143564     
   0.0000000000000000       0.67889564054834883        0.0000000000000000        22.743947479604902     
   0.0000000000000000       0.67889564054834883        0.0000000000000000        22.786222812786399     
   0.0000000000000000       0.67889564054834883        0.0000000000000000        22.812647787234326     
   0.0000000000000000       0.67889564054834883        0.0000000000000000        23.027733092589358     
   4.4254383184286978E-003  0.93348150575397959        0.0000000000000000       -20.225020192329524     
   1.7420670730932301E-006  0.93348150575397959        0.0000000000000000       -11.393905570618577     
   1.7396421792146324E-004  0.93348150575397959        0.0000000000000000       -10.014957286571708     
   1.7868501763386320E-003  0.93348150575397959        0.0000000000000000       -8.0012711024965579     
   7.3441390244217089E-108  0.93348150575397959        0.0000000000000000        2.5262095977086543     
   3.8948214644127615E-116  0.93348150575397959        0.0000000000000000        3.5300024297207533     
   5.8023570073175748E-131  0.93348150575397959        0.0000000000000000        4.3534523622846590     
   8.6605230507492419E-136  0.93348150575397959        0.0000000000000000        4.6132867876887245     
   4.8789679935014387E-144  0.93348150575397959        0.0000000000000000        5.1202169014583925     
   1.6213080009848592E-148  0.93348150575397959        0.0000000000000000        5.4149121022872153     
   3.4008887395048484E-165  0.93348150575397959        0.0000000000000000        6.3998626839577204     
   1.0719006729109526E-171  0.93348150575397959        0.0000000000000000        6.7877397298593927     
   3.7270274854238045E-178  0.93348150575397959        0.0000000000000000        7.2109749752749064     
   7.1701948459038414E-195  0.93348150575397959        0.0000000000000000        8.1866355906427426     
   6.8837151402640473E-203  0.93348150575397959        0.0000000000000000        8.6620560108569364     
   5.0373643248262969E-204  0.93348150575397959        0.0000000000000000        8.7544367528016362     
   1.8926094978362965E-231  0.93348150575397959        0.0000000000000000        10.383896025948282     
   3.6625053682855099E-254  0.93348150575397959        0.0000000000000000        11.215451413294192     
   1.0869318633571160E-267  0.93348150575397959        0.0000000000000000        12.573012910535018     
   2.2309094012187403E-303  0.93348150575397959        0.0000000000000000        14.193037180705321     
   8.4552969104378646E-298  0.93348150575397959        0.0000000000000000        14.282339498842694     
   5.1181527631233102E-309  0.93348150575397959        0.0000000000000000        15.028558899299844     
   0.0000000000000000       0.93348150575397959        0.0000000000000000        17.093235678441140     
   0.0000000000000000       0.93348150575397959        0.0000000000000000        17.620754197027043     
   0.0000000000000000       0.93348150575397959        0.0000000000000000        18.310377185317833     
   0.0000000000000000       0.93348150575397959        0.0000000000000000        18.754001376109048     
   0.0000000000000000       0.93348150575397959        0.0000000000000000        18.793064677590582     
   0.0000000000000000       0.93348150575397959        0.0000000000000000        19.429694040881017     
   0.0000000000000000       0.93348150575397959        0.0000000000000000        19.444503564198431     
   0.0000000000000000       0.93348150575397959        0.0000000000000000        19.471224870611898     
   0.0000000000000000       0.93348150575397959        0.0000000000000000        19.781283890638584     
   0.0000000000000000       0.93348150575397959        0.0000000000000000        20.140621909713730     
   0.0000000000000000       0.93348150575397959        0.0000000000000000        20.191856590889234     
   5.4573092410008439E-003   1.1880673709596103        0.0000000000000000       -18.814233229101525     
   1.3182264824443865E-005   1.1880673709596103        0.0000000000000000       -13.055211142133713     
   7.6656375588222297E-004   1.1880673709596103        0.0000000000000000       -11.569033680546431     
   1.7240200313601048E-003   1.1880673709596103        0.0000000000000000       -6.4281908225626720     
   1.3425468684032154E-071   1.1880673709596103        0.0000000000000000       0.37658840348614198     
   3.9791605390845297E-158   1.1880673709596103        0.0000000000000000        5.4984782607977500     
   1.1997552860860202E-161   1.1880673709596103        0.0000000000000000        6.2691016462555540     
   5.5896655352422642E-170   1.1880673709596103        0.0000000000000000        6.6675878663285344     
   5.9211151398993532E-177   1.1880673709596103        0.0000000000000000        7.1045675815140488     
   1.2017790883990165E-182   1.1880673709596103        0.0000000000000000        7.4512348920093023     
   3.9709506473533650E-196   1.1880673709596103        0.0000000000000000        8.2721577033941553     
   7.2565971711936009E-208   1.1880673709596103        0.0000000000000000        8.4980638874835766     
   1.2500837774514423E-205   1.1880673709596103        0.0000000000000000        8.8658687285126643     
   7.4652666776979234E-214   1.1880673709596103        0.0000000000000000        9.3189325482154057     
   5.4126022335783456E-219   1.1880673709596103        0.0000000000000000        9.6795217467006172     
   2.4633816098303469E-246   1.1880673709596103        0.0000000000000000        10.752295707819128     
   4.0580991758397357E-242   1.1880673709596103        0.0000000000000000        11.064922938213845     
   2.1326750595920846E-278   1.1880673709596103        0.0000000000000000        13.019022723311453     
   2.1802159640559449E-279   1.1880673709596103        0.0000000000000000        13.184835832463884     
   0.0000000000000000        1.1880673709596103        0.0000000000000000        15.324070169517706     
   0.0000000000000000        1.1880673709596103        0.0000000000000000        15.618841562220130     
   0.0000000000000000        1.1880673709596103        0.0000000000000000        15.665643781148878     
   0.0000000000000000        1.1880673709596103        0.0000000000000000        16.079275585124620     
   0.0000000000000000        1.1880673709596103        0.0000000000000000        16.135523147355421     
   0.0000000000000000        1.1880673709596103        0.0000000000000000        16.516981844247692     
   0.0000000000000000        1.1880673709596103        0.0000000000000000        16.579178903351412     
   0.0000000000000000        1.1880673709596103        0.0000000000000000        16.643589608497088     
   0.0000000000000000        1.1880673709596103        0.0000000000000000        16.958831852839332     
   0.0000000000000000        1.1880673709596103        0.0000000000000000        17.232330202318447     
   0.0000000000000000        1.1880673709596103        0.0000000000000000        17.350096715977916     
   0.0000000000000000        1.1880673709596103        0.0000000000000000        17.395231149216304     
   0.0000000000000000        1.1880673709596103        0.0000000000000000        18.192607678406187     
   0.0000000000000000        1.1880673709596103        0.0000000000000000        18.293878107203312     
   1.8401750776732401E-003   1.4426532361652411        0.0000000000000000       -17.158531297775927     
   8.5574266744137457E-005   1.4426532361652411        0.0000000000000000       -14.475069836369281     
   4.0179802909309590E-003   1.4426532361652411        0.0000000000000000       -12.924964671692189     
   1.6180808879666918E-003   1.4426532361652411        0.0000000000000000       -4.7010293493279462     
   7.2497607854675317E-040   1.4426532361652411        0.0000000000000000       -1.5319687776216460     
   8.3273181085236183E-183   1.4426532361652411        0.0000000000000000        7.5149511626498677     
   4.2880921733878283E-188   1.4426532361652411        0.0000000000000000        7.8547699121637056     
   6.5756857007864272E-214   1.4426532361652411        0.0000000000000000        9.2112168311392804     
   7.3007020746441961E-212   1.4426532361652411        0.0000000000000000        9.2947084304592185     
   8.6161971098973149E-230   1.4426532361652411        0.0000000000000000        9.8003574322970461     
   3.3666964835787828E-222   1.4426532361652411        0.0000000000000000        9.8331681020942625     
   2.0398999879934976E-224   1.4426532361652411        0.0000000000000000        9.9618178085561713     
   5.8695072310002279E-232   1.4426532361652411        0.0000000000000000        10.009723993310638     
   1.7152116489800459E-245   1.4426532361652411        0.0000000000000000        11.212601837221504     
   6.6629871119967094E-256   1.4426532361652411        0.0000000000000000        11.301812997224390     
   2.6869525577252619E-274   1.4426532361652411        0.0000000000000000        12.957698877501970     
   1.9614335790117377E-283   1.4426532361652411        0.0000000000000000        13.104557625413079     
   6.6525944300211637E-286   1.4426532361652411        0.0000000000000000        13.546722197597159     
   1.3079752269308675E-294   1.4426532361652411        0.0000000000000000        13.709678927831046     
   1.1741145935070459E-287   1.4426532361652411        0.0000000000000000        13.772730424374439     
   1.7240954769903123E-297   1.4426532361652411        0.0000000000000000        14.162004774815191     
   2.1476027252644023E-295   1.4426532361652411        0.0000000000000000        14.203423765760178     
   2.1739520513140518E-302   1.4426532361652411        0.0000000000000000        14.215103979983253     
   2.6503229478760724E-301   1.4426532361652411        0.0000000000000000        14.600936906761737     
   1.9139666094158707E-306   1.4426532361652411        0.0000000000000000        14.824266172840431     
   1.4660471545683246E-311   1.4426532361652411        0.0000000000000000        15.016888209060969     
   2.8177551913617973E-319   1.4426532361652411        0.0000000000000000        15.040197752220106     
   0.0000000000000000        1.4426532361652411        0.0000000000000000        15.419185383383185     
   0.0000000000000000        1.4426532361652411        0.0000000000000000        15.443689506274856     
   0.0000000000000000        1.4426532361652411        0.0000000000000000        15.862520589282381     
   0.0000000000000000        1.4426532361652411        0.0000000000000000        16.395677034400943     
   0.0000000000000000        1.4426532361652411        0.0000000000000000        16.418165338008194     
   0.0000000000000000        1.4426532361652411        0.0000000000000000        16.476460828955862     
   3.0963517259019244E-010   1.6972391013708719        0.0000000000000000       -15.619429872329864     
   9.2006428310674535E-004   1.6972391013708719        0.0000000000000000       -15.619416810865818     
   3.5304762917802822E-010   1.6972391013708719        0.0000000000000000       -13.689270934486945     
   7.5859308538883783E-004   1.6972391013708719        0.0000000000000000       -3.1081492504695998     
   2.9496710825769698E-010   1.6972391013708719        0.0000000000000000       -3.1081307467288681     
   1.5936635016128776E-186   1.6972391013708719        0.0000000000000000        7.2904265004971389     
   1.6618337835898764E-224   1.6972391013708719        0.0000000000000000        9.8230451953448306     
   1.8433756466208139E-221   1.6972391013708719        0.0000000000000000        9.8230519981906887     
   1.9603707614781224E-236   1.6972391013708719        0.0000000000000000        10.327697988435323     
   1.0077705562655182E-257   1.6972391013708719        0.0000000000000000        11.919313846419557     
   6.1774373844110038E-264   1.6972391013708719        0.0000000000000000        11.919423780408611     
   1.9802805272597239E-268   1.6972391013708719        0.0000000000000000        12.165380400263873     
   8.5829232006964527E-262   1.6972391013708719        0.0000000000000000        12.165930342322975     
   3.4981344639032670E-270   1.6972391013708719        0.0000000000000000        12.275646368194968     
   1.3288211870913552E-272   1.6972391013708719        0.0000000000000000        12.392052856910656     
   1.1391968501420150E-273   1.6972391013708719        0.0000000000000000        12.505602694593964     
   4.8908500639110775E-267   1.6972391013708719        0.0000000000000000        12.505957531033879     
   1.4417313085741104E-271   1.6972391013708719        0.0000000000000000        12.723515262687274     
   3.4733194907803724E-278   1.6972391013708719        0.0000000000000000        12.724110103529032     
   2.2881430420262448E-279   1.6972391013708719        0.0000000000000000        12.852544567948017     
   1.6389510823089034E-285   1.6972391013708719        0.0000000000000000        13.167768036435698     
   1.6145796911541554E-288   1.6972391013708719        0.0000000000000000        13.355758423082783     
   1.6234270388746918E-281   1.6972391013708719        0.0000000000000000        13.356178566842928     
   6.3607905692443602E-297   1.6972391013708719        0.0000000000000000        13.919447673091716     
   1.0588733768202983E-292   1.6972391013708719        0.0000000000000000        13.998408849184559     
   1.9498303367323112E-299   1.6972391013708719        0.0000000000000000        13.998815931480657     
   8.6840338004656707E-310   1.6972391013708719        0.0000000000000000        14.594818427197723     
   1.9162992280906127E-311   1.6972391013708719        0.0000000000000000        14.714781443727583     
   9.8703545147675527E-305   1.6972391013708719        0.0000000000000000        14.715170566510618     
   0.0000000000000000        1.6972391013708719        0.0000000000000000        15.398355069368266     
   0.0000000000000000        1.6972391013708719        0.0000000000000000        15.807844756558442     
   0.0000000000000000        1.6972391013708719        0.0000000000000000        15.808349255607217     
   0.0000000000000000        1.6972391013708719        0.0000000000000000        16.577190567564251     
